1000
0.00126841944 0.193323016
0.585006118 0.35030809
0.82283771 0.174128994
0.710495412 0.303986043
0.0914112702 0.147313416
0.988508463 0.119079731
0.00892266445 0.531664133
0.601764143 0.166249484
0.450785905 0.057055898
0.783319175 0.519876182
0.875968218 0.955899835
0.539341509 0.462073833
0.862219512 0.779658318
0.996795654 0.611492693
0.266213894 0.840119123
0.375857323 0.677186787
0.0088171009 0.275887221
0.587911725 0.837607622
0.484930575 0.743727684
0.457975745 0.744418561
0.599041283 0.735003948
0.572398722 0.151557162
0.425164878 0.517120063
0.751536429 0.168995887
0.491884261 0.699752927
0.147520438 0.141598672
0.692880332 0.426546335
0.966604114 0.153255537
0.821673036 0.191350639
0.817183673 0.155563474
0.732007027 0.279588878
0.682243526 0.721907794
0.123027578 0.834656835
0.517018497 0.426211685
0.949338436 0.549540579
0.471721649 0.846964002
0.45609349 0.982949734
0.739183545 0.196007118
0.839428663 0.500912189
0.027496174 0.572572351
0.531316936 0.843036711
0.657598794 0.842136323
0.109946996 0.314085126
0.286082029 0.140281156
0.834616303 0.600242555
0.252720475 0.00161929335
0.806239426 0.210574821
0.553192556 0.113783404
0.752218187 0.543428779
0.436712712 0.696206391
0.436683118 0.577866614
0.628666997 0.504149258
0.695767939 0.189951658
0.178375095 0.457458436
0.097522743 0.094404228
0.931489527 0.894601107
0.227318391 0.410711735
0.628070176 0.451613367
0.597828209 0.854792118
0.624777853 0.565746307
0.184287652 0.555142343
0.242864653 0.604727149
0.584605455 0.494448245
0.740741313 0.620382428
0.804508924 0.576045752
0.911548316 0.727662444
0.667784929 0.315019816
0.305821955 0.108577549
0.851218998 0.154886693
0.0793480426 0.640985727
0.545088172 0.408975184
0.465560943 0.15265879
0.737985671 0.826689422
0.873343647 0.300077647
0.127229795 0.784958661
0.609648347 0.0722923428
0.653848946 0.104812779
0.22709015 0.919969201
0.662784278 0.492534757
0.496819854 0.509258509
0.688157082 0.606274247
0.00591149461 0.100635469
0.863235235 0.747329593
0.380120397 0.552806318
0.955707729 0.176586121
0.131644994 0.95170933
0.027842097 0.0559277087
0.131648168 0.864306569
0.7216447 0.0146828145
0.707904577 0.217561826
0.168933839 0.340982646
0.367573887 0.802392781
0.526538432 0.798184216
0.144825146 0.402412534
0.136561736 0.0661751628
0.573342979 0.548041523
0.3113437 0.808018029
0.284264773 0.895226717
0.74379319 0.361140639
0.228511468 0.229438767
0.542418957 0.053804975
0.524671257 0.094673425
0.891517103 0.146549225
0.931612551 0.0470904149
0.336423188 0.39860329
0.946162045 0.534235895
0.693524122 0.259155393
0.525602877 0.398689002
0.58554858 0.684019327
0.43551302 0.00720034633
0.601555943 0.576664507
0.222332239 0.00428521447
0.082265012 0.855073988
0.811055362 0.691491783
0.530141771 0.142782271
0.727898479 0.0310934037
0.644522309 0.0854660645
0.947877765 0.274967819
0.981769383 0.292264491
0.367544383 0.218632683
0.240555465 0.902255416
0.902631879 0.0801325068
0.17181319 0.775874972
0.210646257 0.00377656892
0.114056543 0.311156988
0.0385819115 0.189277574
0.153522342 0.885374129
0.195671991 0.645558357
0.90913254 0.921284914
0.150776252 0.569531918
0.943009675 0.578568637
0.255291641 0.350251377
0.795233071 0.0702938661
0.590730906 0.197667107
0.644331515 0.604299843
0.441305071 0.396540403
0.592199683 0.949459076
0.391723245 0.185330063
0.574445844 0.627340972
0.0496302955 0.260205299
0.895315886 0.728451431
0.393566817 0.903848529
0.388109446 0.353568524
0.745353281 0.739414632
0.20017311 0.680447698
0.367844164 0.109402694
0.203079775 0.654829085
0.687624812 0.0795616359
0.0278123505 0.307241738
0.142681733 0.0678611994
0.72492063 0.69401902
0.654893339 0.0983137637
0.0496513247 0.464049369
0.727860451 0.679922283
0.372112691 0.049981989
0.169557527 0.310570806
0.212473199 0.484649926
0.439865351 0.60594964
0.401072681 0.842649579
0.623321474 0.0534839742
0.863537192 0.306405157
0.0267215744 0.391174883
0.0310502835 0.857938766
0.401908189 0.611596942
0.875414491 0.595003605
0.793165982 0.59062469
0.569208264 0.672739983
0.0102315461 0.341559827
0.771007419 0.869846106
0.725574613 0.893926501
0.535580516 0.780089259
0.197384685 0.797422886
0.84881258 0.628698289
0.616920948 0.250663221
0.788091183 0.71388185
0.0815065503 0.855319977
0.307482094 0.472984672
0.191886216 0.994995594
0.647634625 0.174135506
0.274984032 0.838914692
0.371239603 0.232532904
0.231665179 0.971016884
0.0229116566 0.151826382
0.00925746374 0.643870354
0.414563477 0.0906843618
0.699259579 0.657527983
0.53547883 0.0539998114
0.259992272 0.863326609
0.0874501318 0.709404886
0.864222705 0.293025643
0.64492023 0.828636646
0.871914923 0.912522018
0.440158308 0.35402903
0.427709043 0.00087455567
0.77353102 0.0898250043
0.683893025 0.154087618
0.048472479 0.0185845457
0.647615135 0.914142966
0.431702316 0.242596194
0.654015541 0.0228523575
0.138447091 0.550414562
0.46341598 0.300713569
0.34254396 0.608004808
0.984428585 0.150892839
0.711639345 0.775501788
0.621214151 0.688149691
0.567147553 0.548239529
0.246446133 0.492643803
0.66982317 0.623365641
0.798759341 0.98889786
0.629483342 0.59130609
0.505538642 0.449734181
0.940374255 0.251959324
0.730497479 0.625062287
0.641327977 0.556352079
0.446321458 0.996006072
0.600892663 0.172810674
0.332437634 0.65357697
0.427497 0.678502381
0.497543573 0.802717149
0.00452696159 0.375888944
0.827323377 0.891132891
0.650589406 0.733970225
0.957075953 0.36325416
0.904657602 0.454776257
0.869438529 0.0391362496
0.936098278 0.164862409
0.11693088 0.118366033
0.580099165 0.73156482
0.669717371 0.808849454
0.997490644 0.204411939
0.388250172 0.580969095
0.960119307 0.381723136
0.120825142 0.0462576635
0.761043727 0.00178370997
0.426385552 0.461349338
0.749366403 0.559390008
0.922024369 0.856996477
0.490894526 0.74721545
0.25576508 0.79196775
0.552827477 0.522179902
0.704132795 0.731736839
0.914211273 0.796914816
0.394942671 0.0526016839
0.000877946615 0.756171227
0.154756397 0.670594275
0.345877022 0.798139513
0.981708825 0.295302629
0.874331057 0.10098704
0.143033385 0.308727235
0.813813686 0.814185798
0.897865474 0.269354492
0.229395941 0.874843955
0.844775677 0.0408988521
0.183757201 0.44925493
0.894458711 0.546353519
0.5226053 0.99932766
0.867426753 0.14667891
0.284368008 0.973747015
0.716584206 0.645044327
0.735925853 0.124655724
0.375080854 0.915432453
0.0321891308 0.448852777
0.228619948 0.156613737
0.501685858 0.754483223
0.213471442 0.771155655
0.556604207 0.851999879
0.538940191 0.86934346
0.227746978 0.371043921
0.0349902734 0.397861332
0.324948102 0.201505736
0.125086948 0.893934488
0.222126305 0.560077667
0.423645526 0.864109457
0.26740393 0.681657732
0.958819807 0.788220882
0.818381965 0.135788471
0.0200807787 0.748301208
0.902113736 0.767884851
0.630951643 0.682433128
0.500448823 0.265955269
0.646624684 0.263636589
0.460075319 0.351593465
0.476551116 0.403881341
0.0276272222 0.596859276
0.432187855 0.38298136
0.0101005314 0.865186691
0.699625611 0.602340639
0.559602022 0.378211468
0.937343121 0.964099407
0.583956182 0.407022268
0.498568118 0.874765158
0.781522632 0.58841604
0.279313982 0.874397278
0.301413804 0.866584182
0.19071798 0.890337348
0.0288084485 0.0592535138
0.256932676 0.116126448
0.494902343 0.0492883176
0.337655008 0.515548408
0.412290186 0.601052642
0.475750774 0.951310694
0.834924161 0.801653862
0.870065868 0.939156115
0.943320274 0.12764816
0.472875237 0.0266736336
0.454799265 0.136108845
0.212793529 0.797203958
0.658486903 0.781430721
0.842109442 0.498749495
0.0757150501 0.356222987
0.409795552 0.297918141
0.74487716 0.0582435802
0.358880818 0.158840939
0.131806314 0.181451961
0.249223962 0.346909791
0.664913058 0.932523966
0.105198771 0.557977319
0.895113289 0.872309029
0.388291895 0.671949804
0.281401038 0.982138932
0.594795883 0.131964043
0.600509286 0.355323166
0.478445172 0.948140621
0.982551217 0.513557017
0.898025036 0.326462924
0.570780516 0.348149687
0.290167838 0.922813118
0.806996167 0.686684251
0.76684767 0.721766949
0.341554075 0.484284073
0.838184178 0.540576279
0.568688273 0.640035927
0.759944677 0.158002421
0.786438644 0.438355774
0.506294847 0.0682752952
0.982040584 0.615511179
0.367521822 0.860056698
0.241891161 0.0509946495
0.172456935 0.22013247
0.786854565 0.083687216
0.136481255 0.562566459
0.632266462 0.45372799
0.333803028 0.28252241
0.873247325 0.868471742
0.795410156 0.634998143
0.5947752 0.194274262
0.231507644 0.239051968
0.406823575 0.272488415
0.379447252 0.206483543
0.604564011 0.361256957
0.976019979 0.895762563
0.953511536 0.201668769
0.355454475 0.290991813
0.0996126309 0.709345818
0.671869457 0.00578281656
0.604642808 0.290637374
0.74691385 0.91222626
0.605905294 0.784214795
0.54262358 0.394653112
0.101941273 0.0274562798
0.258885771 0.228643462
0.862205923 0.0476221666
0.0561816767 0.0850087106
0.962541938 0.878644049
0.403149813 0.658533454
0.945168555 0.0022465894
0.0494584963 0.421965152
0.60394901 0.414378077
0.623132586 0.00485550705
0.394417644 0.316797614
0.853494644 0.197679579
0.469085544 0.433238775
0.418773949 0.580440581
0.337414354 0.951034844
0.418597668 0.776735961
0.15119043 0.0873509943
0.471820951 0.332766086
0.614506304 0.280725867
0.439086735 0.220950544
0.51898998 0.00737232156
0.770541608 0.969188511
0.903977096 0.222665489
0.478464067 0.414421529
0.841595113 0.42748183
0.7348966 0.0817490518
0.846973836 0.359633625
0.0944035426 0.188364968
0.913367569 0.310307443
0.34152779 0.27228412
0.172465071 0.0654450059
0.963678241 0.446469516
0.179274961 0.472097754
0.248624772 0.277444452
0.822443247 0.629907072
0.00721011218 0.289549351
0.85945183 0.707496822
0.921035528 0.0935615823
0.0766993016 0.383869737
0.515088856 0.14074631
0.074615635 0.914776981
0.755315781 0.101728
0.677933574 0.824213803
0.271499604 0.870426893
0.970780611 0.220674649
0.204626396 0.192907706
0.956774712 0.738778532
0.679833531 0.921323478
0.844307244 0.105440125
0.903752089 0.89274168
0.956676662 0.331472307
0.88752383 0.43327865
0.267104566 0.527856529
0.794120669 0.486689091
0.55902952 0.347169608
0.911247671 0.368477851
0.211252585 0.0501672849
0.248822138 0.144893646
0.608117163 0.196852162
0.7617625 0.636468649
0.174448326 0.96318692
0.197566614 0.0473249257
0.0360452533 0.0823838115
0.568955481 0.218874425
0.304597914 0.411258966
0.251703501 0.50876677
0.987942994 0.121743299
0.706954062 0.29474929
0.525110185 0.517213941
0.829210043 0.103653245
0.946677327 0.473921239
0.918870509 0.365291893
0.659702241 0.507388711
0.279801846 0.791271031
0.858115971 0.463847637
0.442095518 0.379047602
0.557601392 0.836645067
0.00970792398 0.0406256653
0.255963445 0.707594097
0.133073241 0.856775105
0.218289912 0.313358873
0.606842339 0.95555228
0.386871725 0.237087578
0.592442393 0.016556859
0.91670692 0.22446917
0.965792775 0.399582088
0.335306644 0.625404358
0.289963782 0.898665726
0.328176111 0.46034494
0.412778378 0.120991968
0.148689196 0.11157538
0.689508855 0.490736514
0.653424621 0.639895618
0.830577672 0.877945542
0.962261796 0.725696743
0.374139816 0.852541029
0.743571877 0.235620692
0.783699751 0.563207209
0.124260165 0.413796365
0.170976073 0.241251171
0.225087225 0.69841522
0.643312275 0.329527348
0.320688099 0.162975118
0.276457548 0.236214012
0.624839962 0.582802474
0.712137997 0.714111984
0.700550258 0.126395255
0.380905867 0.864123285
0.495148659 0.671769798
0.349596322 0.764252424
0.000657560304 0.748055458
0.794031858 0.72379446
0.538647652 0.101788007
0.0967305973 0.161855802
0.67076838 0.888237178
0.569496632 0.111458346
0.733458757 0.487891078
0.801196694 0.348525465
0.998485506 0.947974265
0.630266607 0.145566702
0.45793587 0.0486650318
0.742373645 0.650732398
0.234366819 0.994529843
0.893296719 0.891780674
0.615958273 0.731053233
0.756199718 0.404742867
0.716791689 0.886018813
0.394763291 0.488081396
0.761797428 0.335741669
0.360343933 0.0814543366
0.997041166 0.396670789
0.414960742 0.269728184
0.224983558 0.641750872
0.878950477 0.411689222
0.964408576 0.341727376
0.603381991 0.894216359
0.235629544 0.531668544
0.567932606 0.510908782
0.970852315 0.702369571
0.103554279 0.466296583
0.0490840524 0.116668642
0.739899933 0.00441529043
0.956411958 0.750858784
0.67827189 0.66299367
0.0711336508 0.8613168
0.888994575 0.15221858
0.573891103 0.175495163
0.834309995 0.85862577
0.98296082 0.708742023
0.815971255 0.974146605
0.314121008 0.205514282
0.947779596 0.249762446
0.866163075 0.205747336
0.753307819 0.374742359
0.630735517 0.736259043
0.388719171 0.980213284
0.327680349 0.627340555
0.490132689 0.268344253
0.0651898086 0.453954488
0.646510541 0.266107708
0.624905884 0.10227216
0.497152746 0.7041049
0.371993452 0.961001575
0.454501122 0.52073139
0.790521979 0.737810194
0.0517330132 0.99085778
0.643424094 0.900752068
0.915328443 0.479819566
0.757702172 0.744606733
0.362885475 0.822258234
0.43466872 0.0824666023
0.625694811 0.326149136
0.484977782 0.561930776
0.696318567 0.401680678
0.888873041 0.60660851
0.801416934 0.814984858
0.0812876076 0.982534468
0.499273211 0.567268014
0.861977816 0.989557505
0.402506143 0.39867118
0.930874765 0.277702749
0.525724888 0.917011797
0.0479206406 0.288659424
0.258065403 0.351926088
0.818458378 0.322150558
0.961158633 0.933588207
0.103411168 0.227367431
0.191430271 0.896707416
0.054191649 0.719285846
0.547923863 0.109407619
0.773102641 0.320138812
0.144974545 0.327232063
0.598497927 0.925862432
0.709795594 0.0717863366
0.0146414842 0.997423708
0.3052513 0.134964466
0.187242121 0.37724337
0.677329183 0.707660377
0.123381257 0.730623066
0.22795102 0.13369672
0.45668897 0.612236798
0.612604976 0.288787782
0.857615292 0.157290891
0.962920487 0.584384561
0.0684915483 0.39823702
0.734430075 0.59670651
0.563687384 0.205909088
0.179121077 0.320380151
0.834740698 0.856121778
0.443205237 0.0477230325
0.300613999 0.220967665
0.289678127 0.872206807
0.842801273 0.585271001
0.446035206 0.81784004
0.96543926 0.0879837275
0.576869607 0.592669785
0.580514014 0.788616538
0.881595433 0.967927814
0.418040276 0.358551085
0.317053586 0.781844795
0.0611538365 0.397600353
0.445242524 0.568560362
0.606207132 0.375237316
0.905809462 0.812097132
0.948235154 0.19713226
0.513941765 0.825125992
0.690631688 0.396541685
0.98277384 0.253009021
0.680775166 0.950670242
0.271316826 0.202663451
0.169865385 0.722097516
0.556812227 0.996459961
0.598190725 0.525178373
0.832638323 0.551094294
0.00536905695 0.817477405
0.130854934 0.381615072
0.0652565509 0.0161766075
0.369812191 0.230120078
0.746440291 0.439395607
0.826977372 0.319883257
0.597154677 0.872698486
0.23639898 0.234088957
0.655415595 0.760421753
0.511479974 0.419875205
0.984371543 0.0221579969
0.0926022157 0.317197651
0.832323432 0.494183183
0.919724166 0.112636134
0.417930692 0.995703995
0.0301960856 0.118388534
0.340269297 0.0204450153
0.781212687 0.776268005
0.614106596 0.0528428331
0.697666466 0.286429793
0.330088735 0.50979346
0.944638848 0.861315012
0.939718366 0.306670874
0.425138563 0.604690254
0.16564101 0.0489600673
0.502753258 0.0154466983
0.536782861 0.848680019
0.349334747 0.11652483
0.548553467 0.765657842
0.917566121 0.208751947
0.44789964 0.87408191
0.538685441 0.249866113
0.64348489 0.953691721
0.145121679 0.85842216
0.740903974 0.806399822
0.118164837 0.942548811
0.202839285 0.197703004
0.760670424 0.953984201
0.634099662 0.422823399
0.394523799 0.7670542
0.691998482 0.498493671
0.0835352838 0.182319075
0.621216834 0.979014099
0.981003642 0.0557120144
0.414219469 0.397862315
0.302283287 0.0524067767
0.596309066 0.334063202
0.922599375 0.0256283302
0.635653079 0.103592679
0.599531114 0.0206197258
0.978772581 0.0756940618
0.820834577 0.903582335
0.710363388 0.614442229
0.277055681 0.615528345
0.838578701 0.645098031
0.959055364 0.0511980727
0.205224395 0.845344305
0.880813241 0.563011646
0.0208963901 0.461953431
0.427052289 0.0898719281
0.0250615049 0.752061129
0.325836301 0.911184788
0.271355331 0.0495364703
0.246354595 0.0256696753
0.537578821 0.456477255
0.0213748328 0.155448601
0.361004025 0.159526363
0.495126814 0.374589652
0.698408782 0.371405303
0.995762765 0.363447696
0.211298421 0.897238255
0.433157504 0.287246138
0.176009223 0.325849026
0.0214981493 0.300119996
0.0189682581 0.846397996
0.626908839 0.674041033
0.47674343 0.689625621
0.740200996 0.552624345
0.381280392 0.194283381
0.0744135901 0.330182999
0.0698992088 0.498629093
0.787601948 0.655481517
0.420752585 0.856773794
0.330416203 0.0606758744
0.512646973 0.579910219
0.918714166 0.215349272
0.910447419 0.603063941
0.63130039 0.805215716
0.5750283 0.676329494
0.132546768 0.0362244695
0.398655385 0.181110322
0.0200472474 0.763332129
0.364974856 0.571850836
0.797246337 0.244370624
0.334219515 0.442192435
0.471223593 0.519223869
0.453358233 0.216469079
0.775237978 0.413306415
0.191248894 0.466176063
0.0162453726 0.166930899
0.998825729 0.851198554
0.547908545 0.688794315
0.594260097 0.686471283
0.867938876 0.435261637
0.873033166 0.133061737
0.340931088 0.913920641
0.443226546 0.014929397
0.545895636 0.812751114
0.785511196 0.260077596
0.249039784 0.75396198
0.0384452716 0.96701479
0.00130811054 0.672771513
0.408593029 0.0962808132
0.36114037 0.821526527
0.205647245 0.786640763
0.742019594 0.398368299
0.502616525 0.296710372
0.885237813 0.80142045
0.420955628 0.571218967
0.957543135 0.507401168
0.0407296531 0.432489544
0.273577422 0.575758338
0.935813129 0.3967399
0.643927932 0.777471781
0.333970517 0.115631439
0.347450316 0.348952085
0.902153909 0.442639023
0.729022801 0.371003538
0.156347573 0.124332659
0.422273576 0.772668839
0.497208774 0.116968617
0.197189897 0.960138977
0.869706094 0.527687252
0.432731211 0.070727773
0.0486768782 0.181172714
0.214506835 0.851728082
0.548747301 0.810827851
0.0574882254 0.164363608
0.159622908 0.875289142
0.253602803 0.112530574
0.106138721 0.999883711
0.844453812 0.796970844
0.833495975 0.0428772457
0.218860716 0.693990707
0.417350531 0.787060797
0.335647762 0.65930593
0.599118292 0.256006241
0.571253121 0.557226002
0.445857495 0.65550822
0.192280665 0.514323413
0.635704041 0.940152287
0.453330696 0.798351288
0.367883414 0.00445950497
0.319559276 0.32225582
0.897878766 0.499461889
0.814363658 0.773009777
0.697633862 0.27412954
0.992010772 0.365571827
0.240698233 0.441587508
0.53529954 0.221758083
0.412284821 0.0707335696
0.9781968 0.374086887
0.544545352 0.502523839
0.553599179 0.394810736
0.0766658336 0.291475892
0.665823877 0.649799109
0.840149522 0.771992862
0.988439083 0.177303419
0.968767524 0.249721438
0.186793089 0.192030534
0.433788508 0.818096995
0.265669227 0.213976353
0.204272464 0.799679101
0.542066634 0.822354496
0.0320026949 0.812520981
0.242740765 0.0344069377
0.861818135 0.461665094
0.726839364 0.309523344
0.866705298 0.655398428
0.333725005 0.177967831
0.107955225 0.546938777
0.855405331 0.494731396
0.820323884 0.100514241
0.634332538 0.318723947
0.322136015 0.282904893
0.286115915 0.41626808
0.55054456 0.879957139
0.0469933413 0.390512526
0.221641988 0.937858045
0.74661237 0.43484199
0.615544617 0.829535604
0.405692607 0.712053895
0.986663878 0.946184754
0.458570242 0.35823378
0.59885931 0.0134613998
0.601051092 0.111665085
0.385381877 0.0332299992
0.262871176 0.566681504
0.234370172 0.849520981
0.705435514 0.0525844619
0.898709893 0.34037739
0.744499803 0.137594581
0.531354606 0.233942181
0.0977336839 0.757715821
0.845497847 0.550037682
0.357532293 0.970633626
0.89962709 0.666504681
0.588556528 0.334739149
0.507611811 0.0106371427
0.550308108 0.912790895
0.274131149 0.375559211
0.545074165 0.901099205
0.254617244 0.861606479
0.890235364 0.883256495
0.240476906 0.442894012
0.0161875039 0.709054947
0.669133902 0.158430204
0.188870922 0.998529315
0.159441605 0.928814828
0.857364178 0.270607412
0.671549678 0.997512996
0.626848042 0.697344124
0.292324334 0.997225165
0.855779767 0.482518286
0.645253241 0.641382217
0.879047871 0.865752101
0.925751388 0.0404621586
0.855214894 0.751298904
0.561409116 0.643523514
0.239466101 0.961987138
0.496848017 0.804407299
0.881043375 0.118198611
0.104159713 0.973400295
0.746170819 0.14163734
0.717952311 0.513444424
0.265374005 0.384345829
0.795522392 0.141624913
0.30644387 0.382511854
0.701908886 0.995539725
0.771885872 0.235523149
0.120347477 0.324703544
0.821708143 0.609690189
0.0869964212 0.80701673
0.720939457 0.367338955
0.651428998 0.490146458
0.312455326 0.820510864
0.16173318 0.357911348
0.114473313 0.610093832
0.17449306 0.521639943
0.043386817 0.209590569
0.99014014 0.0366547108
0.76117605 0.0539828017
0.813033998 0.343698949
0.648341417 0.293751448
0.536638021 0.335214823
0.40129149 0.173809245
0.153577358 0.0469304919
0.255222827 0.0372235477
0.790944278 0.974084795
0.831668377 0.954278588
0.370394081 0.01296103
0.611201763 0.976358533
0.893305779 0.0272716396
0.0309626162 0.0147732487
0.350824535 0.0394861363
0.207460344 0.344831973
0.259212881 0.0472845584
0.284259498 0.734554827
0.819870412 0.465045393
0.404424965 0.198631823
0.704601228 0.190184757
0.308428586 0.377447397
0.465641081 0.294407725
0.556602061 0.540863872
0.570871294 0.340482354
0.376929045 0.217253506
0.0640063882 0.323224157
0.137658313 0.447137147
0.849754512 0.236247048
0.444889873 0.662406862
0.603798866 0.263199627
0.865378737 0.190033481
0.308301866 0.594127119
0.274037272 0.381144047
0.411710799 0.867020369
0.826716065 0.364706576
0.61408639 0.234154925
0.557774961 0.426523596
0.277282596 0.0534645878
0.602779686 0.0132906931
0.459977627 0.204979643
0.0461419784 0.361292511
0.577983141 0.0322385058
0.393762708 0.750377417
0.689283133 0.908733666
0.670770943 0.38296628
0.404228717 0.429147899
0.14402239 0.88779062
0.420706451 0.226021275
0.669998527 0.448909104
0.684249461 0.410934091
0.667129636 0.559544623
0.173274413 0.64102906
0.713762522 0.401108712
0.30916959 0.810415208
0.770674348 0.846985161
0.991478562 0.366484225
0.0287124142 0.0914702192
0.257995903 0.251383066
0.381467879 0.903747439
0.570141494 0.468490362
0.522984445 0.50662148
0.72275883 0.27368322
0.670439661 0.0806227475
0.379557997 0.991821229
0.911556184 0.892840624
0.233165547 0.458142757
0.177626118 0.0507606193
0.790331125 0.0846652016
0.840869009 0.881288767
0.781984985 0.55161953
0.937281013 0.934596181
0.198513165 0.123766392
0.0141219134 0.61293757
0.949792325 0.59196049
0.602742016 0.42471686
0.150502846 0.839413226
0.316076696 0.863344073
0.0300797895 0.033081606
0.571450055 0.911125422
0.468094766 0.440335363
0.938199341 0.168036088
0.154214442 0.869926035
0.110150903 0.605923414
0.373529047 0.738814473
0.503526449 0.947165012
0.416487932 0.763361096
0.479518175 0.668635547
0.614327312 0.275703162
0.191836774 0.630677521
0.999043941 0.165288687
0.0595076047 0.330953836
0.588555872 0.445261031
0.864426315 0.783334494
0.296927869 0.443756312
0.47413224 0.0218789633
0.469509184 0.620387316
0.189341024 0.229608297
0.0430752411 0.00764010847
0.716664553 0.492586702
0.33097291 0.277365416
0.766212523 0.17876257
0.433330894 0.431999773
0.274380803 0.941721678
0.272151589 0.121064819
0.251308054 0.349810541
0.251437515 0.582761943
0.253732771 0.139958531
0.542504489 0.209960505
0.48254922 0.0965644717
0.993963122 0.741952777
0.505427837 0.555448472
0.667008996 0.0807855576
0.60450083 0.532593668
0.995442331 0.73265624
0.749142885 0.478380382
0.570965827 0.874099672
0.193389758 0.656182706
0.553273082 0.0438497551
0.69878751 0.146427259
0.705109775 0.45875892
0.381971508 0.475441754
0.0527055077 0.95560658
0.187401041 0.869399011
0.170567885 0.55723989
0.98485446 0.133203894
0.0919219106 0.664053857
0.292202055 0.154414237
0.843786657 0.870445192
0.62306118 0.0321050175
0.607025266 0.406208485
0.459454983 0.830827534
0.501704037 0.202905819
0.84944433 0.959511459
0.996966839 0.585209846
0.629672229 0.175340265
0.946524084 0.587525189
0.273339212 0.212599963
0.248565182 0.895216882
0.362450063 0.0367755592
0.130980402 0.410934269
0.685766339 0.723285437
0.061525248 0.446304947
0.961457372 0.961371899
0.283080369 0.538113654
0.184511274 0.18320927
0.973549008 0.889698684
0.599668145 0.31755808
0.0313074961 0.43750447
0.298869193 0.168850124
0.485110402 0.542485774
0.444045007 0.421002895
0.529487729 0.306301773
0.114755392 0.266390294
0.184657499 0.512880206
0.780771792 0.659725666
