100
0.0159374047 0.00025405467
-1.83881438 1.58763778
3.54107046 6.44235659
-1.34410417 -4.19188261
-6.30277681 -8.19709396
-1.26672089 1.78423762
-7.8505969 4.25247431
-2.97414732 -2.39726067
0.470587134 1.04789197
-0.512297392 1.77889693
12.2926683 -1.78758955
0.111224003 1.49226081
0.111421421 0.0125458026
6.159132 2.58882928
2.1767869 7.2419138
-1.03507686 1.8147105
4.61553335 -3.28422952
0.540456533 0.471142262
-8.99317741 -4.00210476
6.33023214 1.61483157
0.133924425 -11.0069265
10.2143612 -6.32135868
5.96604013 3.21586084
5.15951872 -2.66380644
-1.73267663 -10.6955318
-9.12486362 -3.56754899
12.5159512 -0.504247844
1.29805374 7.57381392
-3.27614307 -0.676906347
-4.48075438 -9.55920124
0.0508848131 -4.72288847
-5.18919659 6.74452305
0.110119544 0.0122513054
-3.2850697 -1.10802519
3.31994152 6.59994698
-4.76587105 -9.38491249
5.98488045 -1.14708984
-9.31694126 0.735887766
4.97107649 -2.89991283
-9.33164024 0.655577481
2.412292 7.130795
-9.07281685 1.73026657
4.41585398 5.67794991
-0.62385875 1.79944718
3.14935684 -4.31588316
6.34851742 1.38727129
-9.44232464 -0.182327136
-1.11520135 1.80728471
6.14908266 -0.629299164
-7.09789371 5.19066429
-0.517649889 1.78005612
-0.368466914 1.74081314
-6.55865622 5.72675467
3.23427582 -4.27440691
11.0926809 -4.94923019
-0.669538021 1.80573487
-6.41298008 -8.09250069
-1.78054953 1.61606407
-6.82160234 -7.67585659
-0.732487023 1.81244946
-8.96453381 2.06220365
-3.27333117 -1.27648139
-5.64888668 6.44918489
-8.5123415 3.13638139
0.0383157767 1.54553533
-5.09251118 -9.16936302
6.34903574 1.3788954
3.21374917 -4.2846055
9.59273624 -7.09211397
5.61019373 4.02676535
5.55747414 -2.06243515
-3.67264223 -9.98953247
4.8809576 -3.00427341
12.0696678 -2.62635732
-9.20318031 1.25868821
-1.91756725 1.54589391
-4.55977488 -9.51214027
6.29423475 0.0721531138
0.325105429 0.117027506
4.40478992 5.6892972
6.16633892 2.5602591
-4.14167643 -9.75076866
-3.2912941 7.57990503
-4.24720097 -9.69291687
0.259796411 1.35698938
-2.73474431 -2.84592223
-3.23175168 -1.57476926
-0.336436361 1.73042262
-5.09693241 -9.16632271
2.30899787 7.18076754
-3.17392349 -0.108547471
0.0203444287 0.000414038572
-7.70493174 -6.57885885
-2.32799673 1.25801468
5.45557213 4.3083396
0.200872675 1.4156642
-9.44898033 -0.263458312
5.83697319 3.54457283
3.84194517 -3.91872859
-6.82482338 5.47385359
