100
0.00126841944 0.193323016
0.585006118 0.35030809
0.82283771 0.174128994
0.710495412 0.303986043
0.0914112702 0.147313416
0.988508463 0.119079731
0.00892266445 0.531664133
0.601764143 0.166249484
0.450785905 0.057055898
0.783319175 0.519876182
0.875968218 0.955899835
0.539341509 0.462073833
0.862219512 0.779658318
0.996795654 0.611492693
0.266213894 0.840119123
0.375857323 0.677186787
0.0088171009 0.275887221
0.587911725 0.837607622
0.484930575 0.743727684
0.457975745 0.744418561
0.599041283 0.735003948
0.572398722 0.151557162
0.425164878 0.517120063
0.751536429 0.168995887
0.491884261 0.699752927
0.147520438 0.141598672
0.692880332 0.426546335
0.966604114 0.153255537
0.821673036 0.191350639
0.817183673 0.155563474
0.732007027 0.279588878
0.682243526 0.721907794
0.123027578 0.834656835
0.517018497 0.426211685
0.949338436 0.549540579
0.471721649 0.846964002
0.45609349 0.982949734
0.739183545 0.196007118
0.839428663 0.500912189
0.027496174 0.572572351
0.531316936 0.843036711
0.657598794 0.842136323
0.109946996 0.314085126
0.286082029 0.140281156
0.834616303 0.600242555
0.252720475 0.00161929335
0.806239426 0.210574821
0.553192556 0.113783404
0.752218187 0.543428779
0.436712712 0.696206391
0.436683118 0.577866614
0.628666997 0.504149258
0.695767939 0.189951658
0.178375095 0.457458436
0.097522743 0.094404228
0.931489527 0.894601107
0.227318391 0.410711735
0.628070176 0.451613367
0.597828209 0.854792118
0.624777853 0.565746307
0.184287652 0.555142343
0.242864653 0.604727149
0.584605455 0.494448245
0.740741313 0.620382428
0.804508924 0.576045752
0.911548316 0.727662444
0.667784929 0.315019816
0.305821955 0.108577549
0.851218998 0.154886693
0.0793480426 0.640985727
0.545088172 0.408975184
0.465560943 0.15265879
0.737985671 0.826689422
0.873343647 0.300077647
0.127229795 0.784958661
0.609648347 0.0722923428
0.653848946 0.104812779
0.22709015 0.919969201
0.662784278 0.492534757
0.496819854 0.509258509
0.688157082 0.606274247
0.00591149461 0.100635469
0.863235235 0.747329593
0.380120397 0.552806318
0.955707729 0.176586121
0.131644994 0.95170933
0.027842097 0.0559277087
0.131648168 0.864306569
0.7216447 0.0146828145
0.707904577 0.217561826
0.168933839 0.340982646
0.367573887 0.802392781
0.526538432 0.798184216
0.144825146 0.402412534
0.136561736 0.0661751628
0.573342979 0.548041523
0.3113437 0.808018029
0.284264773 0.895226717
0.74379319 0.361140639
0.228511468 0.229438767
